109
318
353
729
774
1188
1526
2150
2212
2280
2784
2859
3359
3569
3700
3882
3886
3930
3951
4093
4155
4288
4572
5122
5414
5762
6465
6629
6789
6857
7275
7281
7952
8136
8322
8358
8466
8731
8897
8985
9380
9870
9936
10047
10089
10350
10360
10460
11023
11032
11335
11806
12320
12501
12565
13071
13072
13131
13160
13295
13626
13647
13740
14552
14775
15075
15376
15746
16058
16298
16413
17759
17891
18164
18529
18884
18982
19373
19780
19826
20084
20589
20642
20666
20695
20848
21152
21395
21633
22158
22350
22383
22686
23637
23755
23899
24133
24362
24484
24586
24686
25092
25312
25327
25475
25493
25607
25750
25832
26046
26104
26114
26187
26602
26617
26894
26967
27071
27235
27444
27707
27921
28135
28195
28335
28426
28465
28486
28532
28568
28827
28945
29187
29252
29453
29653
29900
30058
30188
30265
30322
31033
31308
31395
31755
31918
31952
31971
32173
32325
32428
32577
32876
32970
33226
33353
33778
33824
34275
34354
34606
35082
35528
35587
35682
35693
35789
35868
36095
36334
36382
36500
36594
36617
36799
37020
37093
37368
37459
37693
37933
38071
38228
38270
38336
38627
38935
39000
39589
39623
39918
40156
40251
40269
40368
40924
41145
41288
41611
41622
41782
41917
41924
42299
42963
43116
43136
43723
43807
43862
44941
44973
44994
45072
45386
45575
45640
45779
45927
46121
47552
47674
47811
47820
47962
48416
48457
48534
48690
48860
48900
49246
49462
49504
49521
49707
49987
50214
50255
50636
50677
50694
50742
50997
51747
51910
51988
52608
52620
52719
53324
53412
53612
53805
53809
53852
54124
54129
54192
54282
54424
54474
54851
55000
55787
55922
56035
56130
56311
56413
56534
56904
57254
57259
57375
57388
58030
58063
58260
58461
58559
58798
58870
58919
59083
59510
59641
59796
60332
60333
60728
60876
60881
61029
61093
61172
61194
61296
61393
61553
61698
61845
62087
62404
62451
62513
62544
62966
63339
63801
64360
64398
64532
64799
64837
64955
65134
65143
65308
65314
65614
65846
65909
66084
66717
66791
66839
67031
67093
67378
68301
68559
69080
69169
69220
69384
69793
70217
70935
71182
71687
71852
72098
72284
72409
72412
72561
72562
72924
73255
73367
73456
73660
73878
73886
74137
74224
74282
74362
74434
74494
74511
74511
74527
74641
74808
74950
75053
75131
75149
75399
75471
75502
75619
75690
75748
75795
75949
75952
76369
76511
76655
76755
77042
77183
77330
77512
77935
78263
78526
78583
78793
78855
78896
79142
79293
79303
79525
79688
79734
79868
79886
79931
80258
80341
80416
80735
80740
80921
81046
81049
81177
81376
81819
81857
82113
82171
82186
82427
82645
82960
83550
83952
84230
84292
84600
84733
85063
85144
85155
85245
85272
85286
85560
85565
85570
85760
85906
86010
86076
86125
86387
86566
86654
86696
87486
87807
88016
88032
88185
88270
88460
88712
88916
89184
89238
89371
89471
89526
89668
89896
90200
90226
90386
91007
91073
91080
91366
92148
92221
92257
92257
92337
92973
93531
93900
94332
94376
94643
94726
94840
94867
95430
95447
95455
95633
95716
95888
95937
96141
96270
96348
97074
97457
97535
97738
97980
98139
98515
98610
98634
98918
99168
99235
99433
99578
99734
100010
100406
100574
100931
100999
101337
101592
101837
101916
101991
102045
102174
102467
102527
102661
102733
102879
102971
103132
103148
103212
103237
103304
103476
103498
103685
104165
104198
104246
104470
104628
104653
104683
104730
105656
105818
106218
106952
107100
107770
107889
108146
108429
108454
108700
108751
108957
109349
109440
109609
109921
110127
110328
110544
110562
110625
110689
110823
111603
111668
111776
111832
111884
112036
112334
112373
112536
112852
112934
113354
113389
113757
113780
113933
114369
114933
115250
115525
115548
115779
115839
115895
115902
115973
116337
116874
117279
117549
117918
118515
119103
119268
119555
119638
119732
119746
119972
120644
120883
121057
121058
121326
121416
121539
121563
121611
121672
122034
122195
122512
122523
123332
123553
123805
124013
124216
124335
124460
124568
124847
124921
125187
125344
125370
125618
125741
126163
126257
126274
126433
126464
126650
127333
127659
127856
128228
128516
128613
128868
128967
129016
129032
129366
129503
129565
129691
129794
129814
129873
129964
129981
130180
130432
130599
130701
130839
130974
131121
131167
131687
131785
131796
131889
132300
132346
132484
132558
132621
133058
133074
133361
133442
133445
133898
133907
134115
134610
135399
135472
135597
136034
136170
136498
136924
137209
137326
137897
137964
138035
138098
138324
138334
138631
138922
138935
140067
140367
140652
140788
141237
141368
141768
141783
141826
141902
142386
142395
142446
142708
142997
143036
143239
143421
143543
143705
143888
143950
144256
144495
144511
144589
144674
144763
144927
145297
145409
145522
145561
145783
145808
145874
146173
146337
146456
146468
146703
147338
147426
147732
147736
148011
148051
148307
148419
148522
148772
149183
149537
149560
149835
149905
150133
150605
150800
150916
151197
151235
151551
151596
151740
151902
152640
152988
153291
153358
153410
153780
153895
153985
154018
154096
154332
154826
154849
155003
155499
156119
156267
156471
156486
156577
157478
157483
157670
157694
157797
158246
158514
158567
158908
159149
159237
159946
160739
160808
160928
161239
161350
161785
161813
161990
162444
162581
163417
163986
164037
164075
164710
164788
164855
165284
165288
165363
165388
166322
166444
166834
167044
167597
167875
167891
168021
168362
168464
168602
168608
168765
169586
169805
170080
170348
170442
170809
171466
171590
171592
171712
172001
172053
172071
172185
172269
172605
172676
172848
173302
173681
173984
174018
174472
174488
174600
174661
174830
174924
175084
175210
175565
175581
175811
175852
175961
176015
176120
176221
176890
176961
176994
177180
177258
177405
177575
177864
178153
178237
178605
179193
179224
179382
179613
179650
179960
180616
180838
180886
181336
181797
182798
182835
183572
183971
184220
184364
184435
184662
184854
185260
185606
185646
185827
185880
186113
186245
186534
187046
187221
187289
188104
188322
188333
188412
188893
188952
189015
189073
189079
189139
189140
189174
190051
190492
190715
190856
191813
191847
191896
191935
192000
192348
192582
192743
192814
192881
193577
193635
193656
193808
194219
194511
195007
195457
195840
195902
196058
196124
196455
196474
196807
196957
196959
197073
197121
197339
197392
197482
197764
197936
198181
198429
198442
198504
198514
198638
198782
199224
199232
199575
200016
200213
200305
200909
200912
200938
201368
201560
201621
201774
201823
201847
201858
201959
201966
202191
202301
202731
202797
202841
203003
203494
203650
203714
203897
204002
204554
204631
204676
204775
204827
204876
204905
205093
205272
205539
205633
205743
205787
206025
206041
206128
206303
206366
206597
206893
207033
207341
207477
208153
208335
208450
208539
208749
209109
209231
209460
209685
209922
210373
210457
210536
210593
210785
211092
211850
212356
212786
213144
213211
213288
213423
213556
213606
213943
214019
214343
214478
214915
215326
215395
215544
215798
215804
215816
215840
215844
215978
215989
216310
216501
216562
216585
216794
216998
217043
217213
217356
217412
217782
217855
217988
218038
218084
218115
218198
218398
218446
218683
219108
219274
219276
219616
219642
220048
220053
220151
220346
220364
220703
220708
220778
220780
220863
221842
221921
222142
222245
222247
222384
222683
222800
222860
222979
223043
224013
224134
224338
224694
224989
225022
225139
225287
225481
225481
225486
226101
226110
226165
226228
226437
226581
226741
226798
227300
227472
227833
227835
228379
228557
228670
228716
228828
228958
229089
229324
229450
229509
229872
229886
230054
230191
230478
230884
230948
230966
231286
231568
231707
231955
232172
232668
232790
232854
232958
233081
233436
233456
233708
233821
234018
234214
234833
234849
234868
234898
235204
235696
235963
236056
236235
236278
236468
236584
236794
236848
237006
237136
237453
237884
237975
238002
238101
238197
238373
238728
238813
238983
239183
239306
239681
239786
239806
240162
240623
240968
241104
241278
241310
241632
241814
241957
242058
242264
242738
242797
242808
243092
243269
243273
243319
243687
243727
243924
244329
244692
244937
245012
245059
245294
245728
245816
245844
245937
245949
246242
246331
246415
247103
247449
247920
248068
248128
248153
248453
249118
249171
249233
249386
249505
249626
250181
250854
251132
251672
251815
252081
252183
252343
252469
252539
252577
252579
253060
253444
253506
253716
253928
254067
254102
254111
254248
254277
254601
254638
254855
254900
255201
255294
255440
255599
255955
256324
256387
256667
256894
256961
256966
257431
257556
257576
257683
257726
257767
257825
257953
258039
258472
258544
258595
258671
258783
258930
258961
259111
259192
259306
259317
259371
259558
259616
259621
259647
259683
260518
260539
261511
261673
261711
261838
261852
262024
262345
262431
262462
262580
262901
262929
263153
263461
263467
263567
263761
263989
264169
264209
264281
264599
264754
264788
264828
264896
265028
265199
265400
265842
266029
266057
266504
266777
267255
267426
267509
267539
267781
267871
268156
268615
268633
268758
268896
268903
268959
268996
269003
269073
269119
269700
269837
270582
270609
270625
270854
271043
271383
271542
271912
272075
272245
272280
272370
272566
272687
272799
272825
272988
273050
273058
273118
273369
273730
273825
273828
273973
274106
274132
274221
274421
274537
274983
275266
275683
275844
275942
276917
277319
277622
278061
278119
278904
279065
279556
279704
279839
279867
279947
279959
280158
280334
280493
280517
280558
280661
280718
280774
280898
281269
281491
281738
282011
282023
282311
282372
282439
282520
282842
283193
283200
283305
283584
283597
283886
283889
284307
284444
284509
284876
285852
285903
285983
286557
286641
286698
286872
286905
286972
287083
287259
287519
287545
287595
287665
288121
288321
288348
288508
288564
288694
288761
288847
288882
289169
289619
289953
290121
290351
290398
290442
290966
291303
291399
291766
292155
292156
292219
292263
292507
292577
292595
292702
292999
293365
293603
293682
293895
293907
293930
294270
294431
294538
294837
294864
294959
295589
295718
295773
295955
296048
296108
296421
296521
296783
296825
297396
297460
297467
297527
297601
297614
297805
298152
298224
298332
298443
298623
298642
298652
299661
299986
300031
300053
300590
300743
300971
300995
301089
301182
301326
301603
301618
301757
301765
302215
302566
302621
303068
303917
303941
303941
304502
304643
304690
304740
304784
304805
304959
304968
305104
305109
305285
305391
305504
305700
305708
306029
306477
306489
307128
307208
307243
307570
307974
308099
308421
308695
308909
309015
309185
309221
309712
309741
309742
309768
309811
309853
309895
310245
310826
310851
311122
311704
311840
311963
311997
312111
312480
312598
312696
312902
313067
313152
313203
313859
314135
314261
314496
314556
314784
315007
315843
316074
316246
316418
316496
316820
317116
317501
317571
317668
317828
317976
318610
318962
319046
319141
319175
319400
319423
319711
320210
320321
320666
320696
320874
320962
321291
321359
321427
321449
321460
321708
321751
321863
321928
322401
322648
322756
322792
322863
323110
323421
323718
324391
324551
324834
325106
325179
325344
325647
325870
326302
326506
327050
327326
327540
327638
327902
328114
328399
328431
328721
328747
328784
329403
329680
329774
330022
330037
330263
330421
330475
330556
330556
330881
330993
331339
331606
331672
331813
331861
332101
332118
332498
332576
332930
332965
333206
333938
334166
334333
334564
335221
335264
335482
335701
336031
337024
337160
337202
337432
337737
337757
337977
338369
338489
338613
338868
339100
339231
339409
339668
339685
339725
339930
340052
340208
340795
340831
341212
341227
341460
341696
341827
341860
342037
342139
342413
342476
342653
343013
343229
343412
343446
344118
344366
344824
344855
345142
345231
345351
345667
345880
346483
347005
347024
347285
347298
347449
347631
347769
347944
348050
348300
348301
348444
349234
349325
349415
349577
349713
349849
349976
350190
350691
351032
351370
351407
351692
351711
351748
352036
352044
352152
352303
352340
352434
352590
352618
352734
352980
353008
353078
353273
353370
353439
353692
353900
354836
355195
355244
355330
355385
355588
355642
355659
355821
356440
356460
356835
356844
356891
357125
357224
357274
357792
358123
358130
358205
358257
358572
359100
359231
359357
359507
359803
359897
359931
360674
361661
361775
361916
361924
362070
362142
362422
362438
362550
362724
362908
362916
363656
363979
364084
364119
364149
364861
365059
365117
365645
365688
365966
365971
366123
366988
367184
367245
367665
368111
368262
368526
368657
368716
369258
369270
369339
370122
370342
370436
370646
370681
370833
371359
371716
371757
371804
371916
372107
372328
372397
372445
372460
372596
372862
372961
372972
373324
373455
373471
373851
373917
374141
374143
374216
374292
374377
374484
374505
374572
374608
374824
375065
375072
375288
375330
375615
375681
375750
375931
376099
376957
377469
377880
377900
378085
378286
378965
379013
379349
379435
379554
379821
379925
379972
380077
380196
380800
380961
381003
381207
381375
381457
381475
382109
382293
382394
382741
382860
383069
383595
383629
383798
383876
384125
384297
384507
384869
385113
385454
385482
385557
385597
386031
386292
386437
386641
386681
386889
386986
387358
387376
387533
388331
388484
388601
388918
389204
389223
389339
389715
389734
389861
389923
389942
389993
390149
390334
390436
390776
390925
391075
391244
391954
392536
392597
392693
392940
393002
393108
393278
393436
393555
393814
393869
394054
394355
394757
394765
394864
394892
395093
395246
395389
395554
395848
396290
396432
396617
396673
396790
397204
397206
397218
397359
397647
397704
397719
397921
397951
398233
398321
398385
398413
399125
399182
399300
399518
399556
399634
399808
400301
400426
400633
400715
401121
401214
401288
401422
401665
402032
402360
402840
403121
403489
403588
403641
403700
403953
404283
404352
404363
404791
405204
405319
405654
406154
406801
406969
407037
407208
407208
407468
407854
408160
408763
408935
409299
409576
409606
410183
410250
410258
410694
411203
411514
411816
411870
411964
411982
412178
412393
412412
412434
412507
412564
412983
413388
413510
413553
414033
414138
414246
414320
414500
414930
415022
415349
415354
415459
415498
416297
416374
416890
416927
417446
417451
417704
417758
417842
417883
418323
418677
418799
418803
418815
418887
418990
419218
419429
419575
419682
419733
419946
420287
420347
420497
420583
420770
420865
421317
421852
421967
422018
422057
422681
422682
422693
422701
423012
423030
423034
423040
423073
423135
423244
423460
423856
424110
424151
424236
424634
425135
425144
425149
425167
425370
425929
425990
425994
426341
426593
426636
426870
427183
427190
427380
427415
427492
428061
428213
428228
428465
428542
429008
429175
429528
429541
429786
429918
429961
430475
431221
431515
431691
431919
432144
432149
432354
432530
432993
433415
433444
433557
433719
433845
434864
434985
435007
435440
435822
435889
436188
436279
436311
436415
436453
436473
437534
438260
438347
438437
438943
439057
439166
439194
439256
439456
439466
439649
439756
439848
440053
440205
440396
440441
440521
440619
440649
440749
440916
440959
440987
441490
441769
442679
443112
443219
443576
444047
444131
444229
444281
444326
444495
444867
444962
444989
445266
445592
445667
445855
446014
446166
446744
447169
447724
447938
447944
448359
448598
448761
448956
449027
449091
449204
449228
449439
449525
449654
449757
449908
450007
450290
450334
450848
451650
452222
452312
452412
452689
453055
453385
453400
453516
453546
453584
453584
453806
453850
454063
454863
455131
455162
455425
455651
456346
456548
456757
456828
457195
457560
457906
458022
458087
458146
458351
458522
458854
458900
459420
459596
459732
460037
460108
460126
460179
460232
460522
460654
460678
460771
460923
460935
461658
461866
462045
462068
462084
462364
462818
463329
463452
463551
463712
463828
464049
464138
464511
464701
464881
464981
465252
465443
465529
465638
465766
465992
466148
466238
466444
466523
466694
467065
467547
467751
467962
467974
468170
468196
468319
468519
468756
469171
469276
469317
469409
469555
469865
470221
470945
470994
471057
471070
471211
471213
471379
471455
471717
471931
471956
473130
473213
473543
473743
473819
474473
474514
474525
474875
474913
475049
475109
475122
475409
475594
475747
475907
476049
476152
476449
476464
476734
476780
477095
477216
477327
477664
477815
477892
477912
478136
478387
478482
478569
478587
478594
478902
478909
479109
479198
479780
479832
480002
480025
480048
480051
480056
480423
480460
480523
480641
480671
480699
480973
480984
481011
481017
481033
481178
481462
481514
481759
482029
482145
482273
482833
483800
483877
484069
484345
484922
484962
485158
485181
485381
485525
485702
485965
486682
486790
486877
487655
488158
488201
488203
489815
489910
490106
490659
490863
491015
491231
491366
491527
491723
491776
491792
492165
492185
492245
492324
492508
492645
492718
492718
493147
493398
493413
494084
494467
494541
494865
495145
495281
495352
495493
495664
495907
496284
496469
496561
496589
496782
496869
496927
497405
497544
497628
497723
497905
498336
498887
498912
498982
499033
499287
499702
499741
499857
499910
499974
500063
500234
500331
500595
500607
500714
501498
501564
501652
501694
501898
502496
502533
502564
502997
503050
503203
503246
503319
503526
503585
503615
503618
503713
504954
506358
506799
507159
507306
507337
507418
507625
507646
507908
509143
509235
509304
509325
509647
509944
510035
510435
510665
510813
510817
511059
511289
511315
511320
511368
511441
511542
511753
512070
512105
512221
512255
512374
512558
512803
512975
513108
513198
513252
513625
513707
513788
513800
513863
513882
514034
514492
514637
514687
514690
514728
515006
515411
515592
515926
515950
516180
516233
516480
516579
516647
516701
517099
517140
517714
517805
518126
518140
518287
518329
519002
519072
519122
519405
519422
519506
519566
519789
519991
520104
520291
520355
520391
520743
520846
521162
521279
521322
521559
521609
521657
522187
522221
522389
522410
522538
522583
522948
523129
523298
523742
523854
523968
524210
524243
524497
524724
524789
525772
525912
525960
525996
526015
526062
526363
527343
527481
527580
527636
527845
527878
527988
528142
528293
528581
529338
529394
529433
529501
529898
529989
530269
530402
530424
530552
531477
531506
531579
531848
531874
531968
532022
532048
532535
532885
533116
533464
534152
534369
534666
534711
534858
535328
535467
535746
535794
536013
536801
537169
537395
537426
537607
538327
538828
539181
539329
540039
540234
540313
540575
540759
540795
541013
541372
541910
542353
542390
542496
542555
542746
542955
543146
543245
543378
543432
543608
543760
543879
544339
544611
544626
544791
544925
545029
545050
545197
545507
545776
545846
546031
546278
546645
547012
547028
547602
547718
547980
548533
548549
548608
548874
549289
549311
549501
549550
549578
550111
550291
550406
550663
550755
550772
551001
551635
551864
551937
552451
552680
553600
553633
553899
553923
554130
554494
554589
554693
554837
555015
555229
555243
555517
555621
556069
556566
556607
556638
556689
557103
557302
557451
557929
558925
559227
559375
559705
559881
560256
560485
560572
560610
560780
561463
561719
561894
562204
562215
562236
562630
562740
563170
563252
563738
563898
564011
564046
564154
564244
564548
564570
564602
564699
564871
565029
565055
565204
565465
565467
565548
565567
565755
566259
566456
566475
566525
567008
567720
567875
567907
567915
567919
567967
568095
568106
568316
568458
568590
568894
569030
569165
569592
569619
569622
569672
569754
570139
570539
570573
571081
571619
571939
571969
572047
572132
572654
573129
573138
573272
573652
574129
574179
574390
574537
574737
574755
575015
575018
575209
575308
575443
575613
575740
576029
576130
576457
576555
576678
576874
577121
577148
577841
578004
578328
578405
578490
578866
578948
578976
579076
579223
579225
579243
579449
579523
579595
579767
579910
579975
580059
580196
580344
580377
580745
580760
580955
581178
581184
581390
581475
581525
581856
581877
582093
582338
582578
582635
582647
582912
582945
583042
583146
583160
583173
583791
583814
583887
584011
584027
584717
584759
585039
585092
585120
585592
585794
586285
586445
586446
586574
586597
586783
586812
586967
587341
587485
588428
588430
589009
589200
589976
589983
590665
590826
590827
591034
591175
591463
591480
591591
591595
591772
591949
592124
592208
592437
592777
592825
593323
593338
593504
593645
593790
593846
593868
593888
594204
594220
594370
594440
594534
594851
594960
594991
595555
595708
595767
595990
596003
596079
596244
596536
596577
596590
596681
596683
596734
596930
596953
597327
597475
597726
597739
597823
597851
597878
598040
598050
598125
598174
598800
599093
599327
599862
600041
600081
600133
600149
600191
600430
600505
600546
600865
601167
601290
601385
601491
601514
601522
602004
602156
602215
602238
602271
602676
602687
602770
602939
603556
603823
604188
604449
604613
604751
604774
604995
605215
605293
605340
605354
605488
605517
605712
605728
605949
607360
607378
607414
607474
607619
607670
607763
608459
609011
609026
609361
609489
609720
609779
609836
609903
610286
610313
611041
611050
611053
611247
611272
611422
611450
611496
611604
611667
612277
612374
612563
612616
612888
612939
613083
613364
613722
613752
613772
613833
613960
614018
614214
614579
614944
614956
614987
615236
615308
615585
615595
616069
616098
616279
616452
616987
617562
617908
617919
618109
618414
618678
618728
618827
619047
619384
619488
619594
619695
619891
620179
620242
620436
620655
620657
620731
621308
621719
621842
621921
622047
622186
622554
622689
622732
622966
623042
623288
623322
623410
623577
624409
624557
624559
624604
624800
625151
625435
625597
625976
626119
626236
626299
626516
626543
626956
626957
627289
627323
627485
627494
627707
627901
627907
627953
628053
628243
628562
628771
628875
628929
629845
630215
630384
630386
630619
630755
630761
630919
631173
631230
631239
631328
631769
631838
632209
632275
632303
632364
632583
632776
632803
633909
633935
633943
634076
634184
634345
634823
634865
634916
634953
635191
635394
635609
635823
635894
636346
636349
636532
636792
636896
636901
637010
637111
637596
637606
637862
637890
638054
638138
638385
638472
638686
638795
638903
638949
639107
639463
639495
639509
639564
640006
640170
640371
640372
640684
640730
640765
640846
640957
641040
641061
641678
642056
642088
642314
642332
642818
642957
643093
643206
643215
643755
644264
644803
644831
644876
644959
645037
645184
645339
645450
645623
645682
645754
645814
645822
645868
645908
645931
645964
646102
646120
646174
646190
646258
646431
646601
646662
646780
646844
646962
647466
647797
648863
649168
649247
649278
649753
649951
650073
650182
650185
650383
650605
650759
650939
651006
651099
651405
651658
651700
651719
651791
652153
652382
652630
652721
652863
652916
653143
653287
653368
653685
653761
653802
653848
653952
654107
654236
654595
654605
654670
654697
654922
655006
655016
655089
655117
655326
655596
655604
656123
656404
656493
656505
656731
657012
657279
657284
657415
658952
659451
659699
659755
659973
660429
660793
661304
662382
662626
663607
663723
663739
663749
663836
663924
663998
664033
664309
664320
664657
664790
664843
665542
666204
666274
666360
666536
666658
666743
666757
667205
667462
667877
668104
668204
668283
668314
668610
668785
668809
668963
669248
669372
669416
669520
669845
669957
670103
670817
670826
671368
671458
671901
672170
672336
672587
672619
672623
672863
672937
673093
673140
673266
673682
673701
673762
673773
673810
673832
674360
674555
674693
674869
675171
675612
675980
676238
676354
676533
676687
676691
676726
676825
677378
677468
677553
678028
678191
678391
678408
678422
678946
679105
679197
679548
679585
680177
680208
680327
680365
680621
681167
681620
681741
681999
682079
682137
682553
682771
683360
683746
683804
684048
684087
684390
684413
684420
684639
684852
684981
685024
685084
685503
685590
685608
685819
686217
686317
686361
686846
686886
687039
687102
687117
687390
687438
687533
687558
688267
688307
689114
689269
689444
689502
689784
689796
689952
689978
690128
690513
690572
690676
690681
691147
691163
691463
691628
691877
692528
692618
692702
693210
693211
693281
693554
693653
693811
693879
693938
693963
694323
694349
694645
694744
694761
694778
694817
695347
695686
695707
695713
695758
696391
696538
696835
696915
697028
697096
697219
697279
697380
697458
697488
697628
697785
698068
698270
698344
698390
698476
698786
698939
699073
699449
699663
700030
700103
700240
700271
700511
700632
700699
700812
700993
701314
701492
701674
702142
702284
702333
702380
702406
702501
702797
702951
703632
703825
704282
704593
704670
704960
705109
705486
705889
705986
706050
706245
706521
706874
707131
707399
707896
708031
708660
708716
708898
708941
709006
709486
709509
709568
709602
709712
710247
710692
710928
710971
711474
711673
711859
711973
712118
712277
712292
712474
712797
712990
713164
713559
713725
714111
714481
714942
714984
715330
716220
716709
716995
717193
717407
717491
717601
717756
717863
717870
718305
718400
718807
719035
719076
719109
719503
719540
719773
719843
720012
720143
720365
720507
720563
720838
720840
720977
721023
721472
721777
722132
722153
722296
722369
722536
722683
722937
723484
723511
723592
724026
724043
724165
724637
724661
724823
725246
725285
725798
725901
725963
726029
726110
726110
726246
726448
726563
726630
726800
726932
727036
727234
727405
727546
727684
727888
727942
727946
727983
727996
728301
728310
728568
728626
728775
728838
729293
729305
729696
729718
730125
730185
730487
730498
730548
730595
730607
730654
731460
731938
732437
732620
733014
733080
733172
733417
733444
733525
733708
733794
733974
734038
734559
734990
735084
735091
735189
735247
735312
735636
735763
735800
736535
736572
736813
737015
737191
737223
737224
737421
737689
737742
737797
737797
737926
738093
738171
738381
738388
738429
738504
738818
738932
738999
739104
739365
739402
739443
739459
739635
739835
740083
740130
740238
740265
740495
740655
740674
740744
740867
740905
741026
741101
741752
741860
742022
742339
742604
742779
742886
742934
742972
743183
743194
743493
744042
744808
745275
745299
745891
746033
746119
746408
746690
746789
747005
747014
747303
747396
747731
747749
747921
748066
748465
748542
748617
748729
748960
749100
749154
749388
749870
750159
750175
750372
750424
750645
750668
751079
751279
751282
751342
751373
751379
751416
751706
751861
752075
752261
752331
752373
752457
752816
752860
752951
753235
753534
753630
753967
754364
754662
754771
755176
755356
755506
755705
756143
756187
756208
756283
756369
756743
756808
756833
756874
757154
757207
757251
757442
757932
758390
758614
758858
758868
758981
759175
759591
759784
759834
760380
760686
761061
761201
761458
761712
762064
762266
762553
762631
762650
762905
763116
763236
763542
763561
763744
763756
763842
763878
764054
764102
764124
764153
764166
764612
764677
765034
765419
765529
766153
767679
768245
768485
768521
769411
769506
769873
769931
770333
770513
770643
770677
770814
770946
770982
771005
771036
771291
771403
771469
771893
772323
772490
772518
772616
772785
772834
773292
773308
773357
773663
774155
774261
774267
774339
774962
774978
775042
775297
775913
776062
776071
776338
776894
777087
777220
777245
777820
778049
778065
778270
778344
778665
778857
779308
779393
779717
780336
780533
780602
780610
780809
780821
780966
781171
781198
781262
781277
781524
781901
781932
781970
782384
782470
782472
782671
782951
783424
783487
783809
783834
783834
783865
784275
784408
784544
784957
784967
785139
785181
785675
785719
786292
786539
786604
786610
787953
788048
788193
788272
788623
788756
789067
789236
789473
789713
789852
789854
790243
790373
790472
790530
790828
791335
791606
791922
792151
792241
792320
792625
793639
793747
793988
794005
794025
794064
794065
794207
794320
794623
794688
795060
795071
795713
795721
796779
796840
797269
797316
798050
798619
798630
798690
798724
798750
798881
799629
799940
800108
800121
800491
800514
800549
800845
801249
801360
801398
801570
801788
802324
802354
802540
802599
803048
803212
803817
803936
803979
804247
804941
805028
805509
805617
805695
805855
805926
806007
806029
806153
806161
806321
806344
806678
806734
806829
807666
807677
807705
807733
808831
809263
809380
809455
809481
809572
809808
810116
810431
810500
811226
811504
811991
812034
812248
812574
812644
812827
812919
812999
813040
813372
813505
813802
814064
814137
814177
814267
814358
814631
814994
815064
815447
815481
815880
816087
816179
816556
816611
816685
816754
816863
816950
817035
817143
817195
817538
818340
818722
819104
819306
819357
819542
819587
819742
820156
820269
820332
820732
820753
820914
820944
821838
821941
822659
822704
822858
822912
822918
823002
823104
823132
823467
823478
824442
824457
824594
824708
825223
825484
825693
825782
826017
826155
826216
826382
826589
826778
826832
826846
827032
827468
827529
827666
827986
828534
828657
828707
828984
828986
829078
829089
829328
829719
829780
829839
829870
829905
829964
830079
830161
830265
830621
831137
831216
831317
832094
832378
832417
832560
832850
833108
833506
833610
833772
834304
834316
834466
835017
835220
835239
835286
835443
835668
835855
836117
836552
836601
836803
836858
837227
837544
837857
837886
838256
838296
838666
838972
839430
840342
840532
840722
840969
841301
842092
842122
842295
842415
842441
842554
842585
842689
842750
842881
842964
843112
843200
843204
843227
843262
843285
843308
843966
844068
844427
844727
844753
845048
845577
845853
845973
846432
846713
846947
846995
847157
847460
847479
847491
847784
847849
847932
848270
848397
848540
848616
849033
849107
849180
849863
849947
850003
850415
850431
850722
851270
851372
852360
852451
852824
852841
852917
852964
852978
853019
853694
853789
854248
854352
854491
854514
855101
855242
855423
855713
855985
856068
856436
856686
856708
856927
856992
857575
858519
858532
858600
858864
859149
859667
859870
859875
860167
860421
860568
860660
860668
860954
861078
861270
861623
862015
862099
862108
862313
862314
862583
862667
862743
863268
863953
864307
864472
865135
865509
865524
865709
865772
865832
865999
866583
866637
867550
868151
868281
868507
868870
869198
869269
869313
869356
869531
869999
870037
870137
870307
870435
870534
870672
870707
871166
871358
871736
871751
872074
872454
872584
872922
873282
873716
873739
873995
874018
874373
874560
874728
875028
875164
875374
875896
875996
876125
876445
876456
876462
876719
877032
877237
877682
877835
877966
878952
879081
880149
880385
880402
880430
880667
880789
880874
881266
881376
881608
881955
882057
882268
882272
882475
882806
883498
883582
883611
883979
884214
885036
885122
885561
885992
886037
886093
886163
886857
887076
887148
887371
887487
887676
887683
887720
887749
887829
887959
888031
888148
888153
888239
888738
889021
889254
889280
889625
889679
889906
890150
890341
890365
890889
890994
891115
891283
891284
891295
891334
891401
891583
891621
891721
892153
892239
892842
892850
893679
893930
894114
894197
894367
894393
894490
894671
894893
894961
895140
895145
895257
895358
895840
896003
896115
897541
897563
897772
897944
898229
898275
898426
898432
898747
898897
898954
899154
899860
899935
899969
900164
900210
900308
900434
901104
901152
901415
901660
901669
901744
901995
902142
902238
902605
902839
903058
903136
903274
903322
903463
903596
903654
903738
903761
903959
904005
904418
904474
904772
904876
905033
905510
905527
905702
905749
906547
906562
906722
906880
907017
907482
907557
907612
908786
908869
909107
909372
909576
909650
909726
909977
910256
910337
910494
910606
910630
911056
911120
911223
911795
912201
912345
912880
912929
913244
913755
913862
913863
913953
913953
914192
914230
914285
914381
914403
914839
914866
914906
915722
916061
916184
916347
916622
916832
917085
917092
917186
917700
917989
918319
918328
918504
918795
919270
919400
919712
919975
920510
920599
920613
920654
920722
920835
920875
922070
922262
922362
922403
922466
922656
922678
922804
922907
923032
923363
923454
923963
923982
924119
924426
924606
924950
925187
925250
925377
925875
925894
925928
926051
926299
926543
926562
926633
926719
926751
926757
926831
926870
927739
927829
927862
928371
928530
928560
928622
928922
929081
929200
929210
929398
929507
929569
929701
929735
930018
930185
930310
930352
930399
930579
930605
930708
930823
930847
930900
931226
931328
931401
931516
931850
932116
932154
932867
933002
933045
933092
933251
933528
933911
934027
934086
934105
934128
934254
934263
934431
934629
934715
934719
934732
935477
935562
935965
935969
935976
935979
936343
936362
937426
937637
937651
937683
937743
938073
938264
938271
938391
938414
938475
938562
939366
939576
939742
939893
939959
940529
940937
941227
941468
941482
941589
941730
942061
942210
942305
942901
943004
943244
943293
943662
943826
943897
944011
944265
944267
944321
944679
944926
945048
945175
945186
946066
946139
946213
946313
946379
947930
948236
948687
948914
948965
949279
949411
950245
951270
951653
951988
952239
952480
953443
953514
953557
953690
954063
954096
954324
954766
954876
954961
955068
955337
955848
956237
956542
956717
956909
957232
957442
957906
958012
958395
958496
958582
958958
959175
959278
959442
959663
959761
959803
959858
959902
960029
960369
960661
960726
961342
961936
962073
962105
962471
962617
962827
963162
963165
963339
963680
963763
963789
964075
964554
965284
965446
965582
965742
965756
965804
965830
966230
966312
966426
966821
966993
967036
967322
967392
967440
967501
968066
968095
968663
968729
968847
970055
970259
970462
970807
971124
971204
971268
971281
971297
971501
971653
971674
972062
972066
972400
972505
972754
972857
973073
973372
973609
973943
974353
974446
974647
974723
974881
974895
975262
975380
975541
975828
975846
975878
976205
976787
977015
977303
977721
977888
977908
978428
978477
978625
979306
980248
980409
980882
981331
981613
981901
981988
982026
982234
982537
982676
982759
983047
983180
983228
983253
983262
983699
983761
983942
984348
984660
984689
984816
984867
984883
985275
985308
985463
986428
986474
986658
986772
986852
986956
986961
986999
987705
988132
988352
988463
988783
989235
989383
989385
989623
989695
989830
990187
990250
990334
990400
990639
990654
990791
990808
990945
991382
991387
991405
991463
991962
992080
992176
992367
992440
992762
993262
993286
993663
993979
994051
994159
994416
994546
994598
994834
995066
995765
995846
995979
996281
996311
996355
996441
997022
997120
997134
997167
997302
997437
997766
997796
997886
998881
999052
999331
999545
999787
